### DNA species to map
# Establishes a list corresponding to specimens with sequences for analysis.
# Includes named list elements consisting of:
# Collector | Collection_Number | Herbarium | State | County
dna_specimens <- list(PACUT_3721 = c("S.L. O'Kane, Jr. & J.A. Anderson",
                                     3721, "ITSC", "Colorado", "Ouray",
                                     38.2914, -107.7589),
                      PACUT_3769 = c("S.L. O'Kane, Jr.",
                                     3769, "RM", "Colorado", "Rio Blanco",
                                     40.1808, -108.8417),
                      PACUT_48 = c("J. Ratcliff & S. L. O'Kane, Jr.",
                                   48, "ISTC", "Montana", "Carbon",
                                   45.0086, -108.4236),
                      PACUT_12821 = c("R.L. Hartman with K.H. Dueholm",
                                      12821, "UTC", "Wyoming", "Hot Springs",
                                      43.6339, -108.0067),
                      PACUT_16125 = c("W. Fertig",
                                      16125, "RM", "Wyoming", "Sweetwater",
                                      42.0905, -108.7717),
                      PACUT_14222 = c("N.H., P.K. Holmgren",
                                      14222, "ISTC", "Utah", "Grand",
                                      38.6653, -109.4194),
                      PACUT_8621 = c("Rollins and Rollins",
                                      8621, "RM", "Wyoming", "Albany",
                                      41.1589, -105.9333),
                      PACUT_14050 = c("W. Fertig",
                                      14050, "RM", "Wyoming", "Natrona",
                                      42.7004, -106.3326),
                      PACUT_26706 = c("B. E. Nelson with R. Nelson",
                                      26706, "RM", "Wyoming", "Sublette",
                                      42.3843, -110.2758),
                      PACUT_7997 = c("R. Dorn",
                                     7997, "RM", "Wyoming", "Uinta",
                                     41.0916, -110.0956),
                      PACUT_5199 = c("L. M. Moore",
                                     5199, "RM", "Colorado", "Montezuma",
                                     37.3928, -108.4724),
                      PBRAS_1811 = c("B. Heidel",
                                     1811, "MONTU", "Montana", "Powder River",
                                     45.025, -105.8917),
                      PBRAS_3130 = c("A. Salywon & D. Dierig",
                                     3130, "ISTC", "Wyoming", "Campbell",
                                     42.8261, -105.0561),
                      PBRAS_54 = c("J. Ratcliff & S. L. O'Kane, Jr.",
                                   54, "ISTC", "Montana", "Crook",
                                   44.4797, -104.2414),
                      PBRAS_53 = c("J. Ratcliff & S. L. O'Kane, Jr.",
                                   53, "ISTC", "Montana", "Crook",
                                   44.6872, -104.5994),
                      PBRAS_4225 = c("R. Dorn", 
                                     4225, "RM", "Wyoming", "Platte",
                                     42.1689, -104.8226),
                      PBRAS_3122 = c("A. Salywon & D. Dierig",
                                     3122, "ISTC", "Wyoming", "Converse",
                                     42.6786, -105.3939),
                      PCOND_16765 = c("W. Fertig",
                                      16765, "RM", "Wyoming", "Lincoln",
                                      41.687, -110.9143),
                      PCOND_40 = c("J. Ratcliff & S. L. O'Kane, Jr.",
                                   40, "ISTC", "Wyoming", "Lincoln",
                                   41.8997, -110.4142),
                      PCOND_41 = c("J. Ratcliff & S. L. O'Kane, Jr.",
                                   41, "ISTC", "Wyoming", "Lincoln",
                                   41.8261, -110.6447),
                      PCOND_3787 = c("S.L. O'Kane, Jr.",
                                     3787, "ISTC", "Wyoming", "Uinta",
                                     41.3308, -110.4194),
                      PDIDY_DI_46 = c("J. Ratcliff & S. L. O'Kane, Jr.",
                                      46, "ISTC", "Montana", "Granite",
                                      46.7119, -113.2456),
                      PDIDY_DI_47 = c("J. Ratcliff & S. L. O'Kane, Jr.",
                                      47, "ISTC", "Montana", "Granite",
                                      45.7029, -110.9314),
                      PDIDY_DI_551 = c("S. Smith",
                                       551, "RM", "Wyoming", "Park",
                                       43.9215, -109.0978),
                      PDIDY_DI_3794 = c("S.L. O'Kane, Jr.",
                                        3794, "ISTC", "Montana", "Granite",
                                        46.7111, -113.2453),
                      PDIDY_DI_12677 = c("E. F. Evert",
                                         12677, "RM", "Wyoming", "Park",
                                         44.5053, -109.9456),
                      PDIDY_LA_32 = c("K. O'Dea",
                                      32, "RM", "Wyoming", "Big Horn",
                                      44.8612, -107.853),
                      PDIDY_LA_52 = c("J. Ratcliff & S. L. O'Kane, Jr.",
                                      52, "ISTC", "Wyoming", "Johnson",
                                      44.3306, -106.8458),
                      PDIDY_LA_3136 = c("A. Salywon & D. Dierig",
                                        3136, "ISTC", "Wyoming", "Johnson",
                                        44.3256, -106.8136),
                      PDIDY_LA_3138 = c("A. Salywon & D. Dierig",
                                        3138, "ISTC", "Wyoming", "Johnson",
                                        44.3289, -106.8425),
                      PDIDY_LA_14773 = c("W. Fertig & J. Britt",
                                         14773, "RM", "Wyoming", "Sheridan",
                                         44.9032, -107.3671),
                      PDIDY_LY_45 = c("J. Ratcliff & S. L. O'Kane, Jr.",
                                      45, "ISTC", "Idaho", "Lemhi",
                                      45.0819, -113.9622),
                      PDIDY_LY_2689 = c("R. Rosentreter",
                                        2689, "NY", "Idaho", "Lemhi",
                                        44.9761, -113.5358),
                      PDIDY_LY_3855 = c("R. Rosentreter",
                                        3855, "NY", "Idaho", "Lemhi",
                                        44.9906, -113.5766),
                      PDORN_42 = c("J. Ratcliff & S. L. O'Kane, Jr.",
                                   42, "ISTC", "Wyoming", "Lincoln",
                                   41.8369, -110.8833),
                      PDORN_4376 = c("C. H. Refsdal with L. Refsdal",
                                     4376, "RM", "Wyoming", "Uinta",
                                     41.2648, -110.7084),
                      PDORN_17503 = c("W. Fertig",
                                      17503, "RM", "Wyoming", "Lincoln",
                                      41.9417, -110.8773),
                      PDORN_17506 = c("W. Fertig",
                                      17506, "RM", "Wyoming", "Lincoln",
                                      42.0161, -110.8579),
                      PEBUR_10410 = c("R. Dorn",
                                      10410, "RM", "Wyoming", "Carbon",
                                      42.35, -106.4692),
                      PEBUR_14841 = c("W. Fertig",
                                      14841, "RM", "Wyoming", "Fremont",
                                      42.63, -108.1795),